embedding_length_range : [0.005, 0.00998, 0.01991, 0.03972, 0.07924, 0.15811, 0.31548, 0.62946, 1.25594, 2.50594, 5.0]
embedding_number_of_bins_range : [1, 2, 3, 4, 5, 6, 7, 8, 9, 10, 11, 12, 13, 14, 15, 16, 17, 18, 19, 20]
estimation_method : all